ans =

   5000     26

ans =

   5000     25

ans =

   5000    401

ans =

   5000     26

ans =

   5000     25

ans =

   5000    401

ans =

   5000     26

ans =

   5000     25

ans =

   5000    401

ans =

   5000     26

ans =

   5000     25

ans =

   5000    401

ans =

   5000     26

ans =

   5000     25

ans =

   5000    401

ans =

   5000     26

ans =

   5000     25

ans =

   5000    401

ans =

   5000     26

ans =

   5000     25

ans =

   5000    401

ans =

   5000     26

ans =

   5000     25

ans =

   5000    401

ans =

   5000     26

ans =

   5000     25

ans =

   5000    401

ans =

   5000     26

ans =

   5000     25

ans =

   5000    401

ans =

   5000     26

ans =

   5000     25

ans =

   5000    401

ans =

   5000     26

ans =

   5000     25

ans =

   5000    401

ans =

   5000     26

ans =

   5000     25

ans =

   5000    401

ans =

   5000     26

ans =

   5000     25

ans =

   5000    401

ans =

   5000     26

ans =

   5000     25

ans =

   5000    401

ans =

   5000     26

ans =

   5000     25

ans =

   5000    401

ans =

   5000     26

ans =

   5000     25

ans =

   5000    401

ans =

   5000     26

ans =

   5000     25

ans =

   5000    401

ans =

   5000     26

ans =

   5000     25

ans =

   5000    401

ans =

   5000     26

ans =

   5000     25

ans =

   5000    401


